0
0
0
0
0
0
2002
2002
2002
2002
2002
2002
2275
2275
2275
2275
2275
2275
2002
2002
2002
2002
2002
2002
2002
2002
2002
2002
2002
2002
1911
1911
1911
1911
1911
1911
1820
1820
1820
1820
1820
1820
1638
1638
1638
1638
1638
1638
1729
1729
1729
1729
1729
1729
1820
1820
1820
1820
1820
1820
1638
1638
1638
1638
1638
1638
1456
1456
1456
1456
1456
1456
1638
1638
1638
1638
1638
1638
0637
0637
0637
0637
0637
0637
1638
1638
1638
1638
1638
1638
1729
1729
1729
1729
1729
1729
1820
1820
1820
1820
1820
1820
2093
2093
2093
2093
2093
2093
2093
2093
2093
2093
2093
2093
2457
2457
2457
2457
2457
2457
2366
2366
2366
2366
2366
2366
2541
2541
2541
2541
2541
2541
2184
2184
2184
2184
2184
2184
2184
2184
2184
2184
2184
2184
1456
1456
1456
1456
1456
1456
2093
2093
2093
2093
2093
2093
2184
2184
2184
2184
2184
2184
2366
2366
2366
2366
2366
2366
2275
2275
2275
2275
2275
2275
2093
2093
2093
2093
2093
2093
2366
2366
2366
2366
2366
2366
2639
2639
2639
2639
2639
2639
2821
2821
2821
2821
2821
2821
2541
2541
2541
2541
2541
2541
2275
2275
2275
2275
2275
2275
2184
2184
2184
2184
2184
2184
2184
2184
2184
2184
2184
2184
2275
2275
2275
2275
2275
2275
2002
2002
2002
2002
2002
2002
2184
2184
2184
2184
2184
2184
2093
2093
2093
2093
2093
2093
2457
2457
2457
2457
2457
2457
2541
2541
2541
2541
2541
2541
2366
2366
2366
2366
2366
2366
2366
2366
2366
2366
2366
2366
2093
2093
2093
2093
2093
2093
2184
2184
2184
2184
2184
2184
2184
2184
2184
2184
2184
2184
