.262
.256
.354
.078
.181
.224
.144
.145
.321
.225
.239
.200
.206
.264
.175
.108
.262
.218
.117
.177
.238
.454
.381
.226
.409
.595
.234
.282
.227
.190
.190
.108
.202
.227
.421
.263
.490
.077
.137
.354
.209
.135
.245
.254
.091
.214
.450
.308
.099
.147
.124
.110
.134
.070
.137
.165
.190
.205
.367
.535
.251
.225
.360
.202
.085
.267
.286
.178
.143
.217
.340
.381
.347
.227
.290
.385
.169
.332
.218
.263
.260
.187
.475
.286
.173
.255
.218
.357
.134
.098
.214
.202
.171
.054
.067
.054
.009
.039
.065
.014
.023
.010
.027
.022
.015
.019
.584
.989
.145
.145
.486
.139
.068
.297
.152
.368
.930
.860
.395
.350
.595
.282
.229
.343
.330
.261
.231
.165
.136
.121
.153
.383
.411
.573
.226
.319
.497
.373
.136
.264
.368
.257
.211
.399
.480
.218
.377
1.000
.765
.279
.518
.717
.604
.296
.216
.221
.254
.077
.177
.298
.301
.100
.295
.232
.425
.571
.512
.496
.510
.531
.476
.426
.246
.173
.182
.301
.199
.212
.363
.240
.185
.362
.522
.165
.186
.255
.257
.311
.352
.381
.271
.153
.128
.281
.438
.270
.180
.181
.562
.887
.162
.280
.423
.191
.223
.553
.548
.256
.153
.168
.190
.219
.207
.160
.095
.222
.178
.276
.518
.499
.308
.357
.323
.283
.269
.208
.122
.162
.318
.112
.026
.387
.475
.266
.380
.554
.567
.494
.538
.556
.532
.515
.645
.635
.452
.302
.249
.177
.235
.168
.240
.301
.317
.176
.139
.474
.400
.239
.167
.360
.208
.188
.305
.145
.094
.158
.213
.291
.410
.173
.285
.558
.622
.401
.474
.458
.341
.448
.596
.832
.706
.473
.268
.286
.188
