.023
.023
.023
.023
.023
.023
.023
.023
.023
.023
.023
.023
.023
.023
.023
.023
.023
.023
.023
.023
.034
.046
.023
.023
.023
.023
.023
.023
.023
.023
.023
.023
.023
.023
.023
.023
.023
.023
.023
.046
.069
.104
.151
.162
.116
.023
.023
.023
.023
.023
.023
.023
.023
.023
.023
.023
.023
.023
.023
.023
.023
.023
.023
.023
.023
.023
.023
.023
.023
.023
.023
.023
.023
.023
.023
.023
.023
.023
.023
.023
.023
.023
.023
.023
.023
.023
.023
.023
.023
.023
.023
.034
.046
.034
.023
.023
.023
.034
.046
.034
.034
.023
.023
.034
.034
.034
.034
.034
.023
.023
.023
.034
.046
.127
.209
.174
.197
.127
.034
.023
.058
.058
.046
.093
.139
.104
.127
.104
.151
.232
.244
.197
.081
.139
.279
.325
.406
.523
.581
.418
.313
.267
.209
.255
.453
.581
.406
.220
.232
.255
.244
.197
.232
.255
.209
.174
.116
.116
.116
.116
.139
.162
.151
.139
.116
.058
.372
.720
.546
.232
.046
.511
1.000
.651
.197
.058
.058
.069
.093
.116
.139
.104
.069
.058
.058
.046
.046
.058
.046
.058
.058
.046
.058
.046
.034
.034
.034
.034
.023
.023
.023
.023
.023
.023
.023
.023
.023
.023
.023
.023
.023
.023
.023
.023
.023
.023
.023
.023
.023
.023
.023
.023
.023
.023
.023
.023
.023
.023
.023
.023
.023
.023
.023
.023
.023
.034
.046
.034
.023
.023
.023
.023
.023
.023
.023
.023
.023
.023
.023
.023
.023
.023
.023
.023
.023
.104
.174
.104
.023
.023
.023
.023
.023
.023
.023
.023
.023
.023
.023
.023
.023
.023
.023
.023
.023
.023
.023
.023
.023
.023
.023
.023
.023
.023
.023
.023
.023
.023
